#!/usr/bin/env bash
# vim: set nowrap:

cat <<EOF

                [38;2;74;32;99m▄    [38;2;73;30;98m▀[38;2;74;32;99m▄    [48;2;74;32;99m[38;2;74;32;99m▄[0m
             [38;2;73;30;98m▀▄  [48;2;74;32;99m[38;2;74;32;99m▄[0m[38;2;231;134;165m▄▄▄▄[48;2;74;32;99m[38;2;74;32;99m▄[0m   [38;2;73;30;98m▄▀    [38;2;74;32;99m▄[0m
            [38;2;231;134;165m▄[38;2;74;32;99m▄[48;2;73;30;98m[38;2;107;36;66m▄[48;2;181;56;107m▄[38;2;74;32;99m▄[48;2;74;32;99m[38;2;107;36;66m▄[48;2;181;56;107m▄▄[38;2;74;32;99m▄[48;2;74;32;99m[38;2;107;36;66m▄[48;2;181;56;107m▄▄[0m[38;2;74;32;99m▄[48;2;74;32;99m[38;2;181;56;107m▄[0m[38;2;180;54;106m▄    [38;2;74;32;99m▄▀[0m
         [38;2;231;134;165m▄[48;2;231;134;165m[38;2;255;255;255m▄[38;2;107;36;66m▄[48;2;74;32;99m[38;2;74;32;99m▄[48;2;107;36;66m▄[48;2;74;32;99m▄▄▄[38;2;24;40;115m▄▄▄▄▄[48;2;107;36;66m[38;2;74;32;99m▄[48;2;74;32;99m▄[48;2;107;36;66m▄▄[48;2;106;36;66m▄[48;2;181;56;107m▄▄[48;2;74;32;99m[38;2;181;56;107m▄▄[0m[38;2;181;56;107m▄[0m
       [38;2;231;134;165m▄[48;2;231;134;165m[38;2;255;255;255m▄[48;2;255;255;255m[38;2;247;178;206m▄[48;2;107;36;66m[38;2;74;32;99m▄[48;2;74;32;99m[38;2;24;40;115m▄▄[48;2;24;40;115m▄[38;2;33;89;165m▄▄▄▄▄▄▄▄▄[48;2;255;255;255m[38;2;24;40;115m▄[48;2;247;178;206m[38;2;255;255;255m▄[48;2;181;56;107m▄[48;2;74;32;99m[38;2;248;179;207m▄[38;2;181;56;107m▄[38;2;107;36;66m▄[38;2;74;32;99m▄[48;2;107;36;66m▄▄[48;2;181;56;107m[38;2;107;36;66m▄▄[0m[38;2;181;56;107m▄▄[0m
     [38;2;231;134;165m▄[48;2;231;133;164m[38;2;255;255;255m▄[48;2;255;255;255m[38;2;247;178;206m▄[48;2;247;177;206m[38;2;74;32;99m▄[48;2;73;31;98m[38;2;24;40;115m▄[48;2;24;40;115m[38;2;33;89;165m▄[48;2;33;89;165m[38;2;0;134;198m▄▄▄[48;2;0;135;199m▄[48;2;0;134;198m▄▄▄▄▄▄[38;2;57;219;231m▄[48;2;33;89;165m▄[38;2;0;134;198m▄[48;2;22;38;114m[38;2;24;40;115m▄[48;2;255;255;255m[38;2;255;255;255m▄▄[48;2;248;179;207m▄[48;2;182;56;107m[38;2;247;178;206m▄[48;2;107;36;66m[38;2;181;56;107m▄[48;2;74;32;99m[38;2;107;36;66m▄[38;2;74;32;99m▄▄▄[0m[38;2;73;32;99m▀  [48;2;247;231;247m[38;2;247;231;247m▄[0m[38;2;247;230;247m▀[0m
    [48;2;231;134;165m[38;2;231;134;165m▄[48;2;255;255;255m[38;2;255;255;255m▄[48;2;247;178;206m[38;2;181;56;107m▄[48;2;74;32;99m[38;2;74;32;99m▄[48;2;24;40;115m[38;2;24;40;115m▄[48;2;33;89;165m[38;2;33;89;165m▄[48;2;0;134;198m[38;2;255;255;255m▄[48;2;255;255;255m▄[48;2;0;134;198m▄[48;2;255;255;255m▄[48;2;0;133;198m▄[48;2;33;89;165m[38;2;33;89;165m▄▄[48;2;57;219;231m▄[48;2;0;134;198m[38;2;57;219;231m▄[38;2;0;134;198m▄[48;2;57;219;231m[38;2;57;219;231m▄▄[38;2;156;251;255m▄[38;2;57;219;231m▄[48;2;24;40;115m▄[48;2;255;255;255m[38;2;33;89;165m▄[38;2;255;255;255m▄▄[48;2;247;178;206m[38;2;247;178;206m▄[48;2;231;134;165m[38;2;231;134;165m▄[48;2;181;56;107m[38;2;181;56;107m▄[48;2;74;32;99m[38;2;107;36;66m▄[38;2;231;134;165m▄[0m[38;2;74;32;99m▀[0m
   [48;2;231;135;166m[38;2;231;135;166m▄[48;2;247;178;206m[38;2;247;178;206m▄[38;2;181;56;107m▄[48;2;181;56;107m[38;2;247;178;206m▄[48;2;24;40;115m[38;2;24;40;115m▄[48;2;33;89;165m[38;2;33;89;165m▄[38;2;0;134;198m▄[48;2;0;134;198m▄[48;2;255;255;255m▄[38;2;255;255;255m▄[38;2;33;89;165m▄[48;2;31;88;164m▄[48;2;33;89;165m▄[48;2;0;134;198m[38;2;0;134;198m▄▄[48;2;33;89;165m[38;2;33;89;165m▄[48;2;57;219;231m[38;2;57;219;231m▄[48;2;0;134;198m[38;2;0;134;198m▄[48;2;156;251;255m[38;2;57;219;231m▄▄▄[48;2;57;219;231m▄[48;2;33;89;165m[38;2;33;89;165m▄[48;2;255;255;255m[38;2;255;255;255m▄▄[48;2;247;178;206m[38;2;247;178;206m▄[48;2;231;134;165m[38;2;231;134;165m▄[48;2;181;56;107m[38;2;74;32;99m▄▄[0m[38;2;74;32;99m▄   [38;2;57;219;231m▄▄[0m
   [48;2;231;135;166m[38;2;230;133;164m▄[48;2;247;178;206m[38;2;181;56;107m▄[48;2;181;56;107m[38;2;231;134;165m▄[48;2;247;178;206m[38;2;247;178;206m▄[48;2;33;89;165m[38;2;33;89;165m▄[38;2;0;134;198m▄[48;2;0;134;198m▄▄[38;2;57;219;231m▄▄▄[48;2;33;89;165m[38;2;0;133;198m▄[48;2;0;134;198m[38;2;33;89;165m▄[48;2;33;89;165m[38;2;57;219;231m▄▄[48;2;57;219;231m[38;2;33;89;165m▄[48;2;33;89;165m[38;2;0;134;198m▄[48;2;57;219;231m[38;2;57;219;231m▄[38;2;156;251;255m▄[48;2;0;134;198m▄[48;2;57;219;231m▄[48;2;0;134;198m[38;2;57;219;231m▄[48;2;33;89;165m[38;2;33;89;165m▄[48;2;255;255;255m[38;2;255;255;255m▄[48;2;247;178;206m[38;2;247;178;206m▄[48;2;231;134;165m[38;2;231;134;165m▄[48;2;181;56;107m[38;2;181;56;107m▄[38;2;231;134;165m▄[0m   [38;2;156;251;255m▄[48;2;57;219;231m[38;2;57;219;231m▄▄▄[0m
  [48;2;231;135;166m[38;2;231;135;166m▄[48;2;246;176;204m[38;2;246;176;204m▄[48;2;181;56;107m[38;2;181;56;107m▄[48;2;231;134;165m[38;2;255;166;156m▄[48;2;247;178;206m[38;2;255;255;255m▄[48;2;255;255;255m▄[48;2;33;89;165m[38;2;33;89;165m▄[48;2;0;134;198m[38;2;0;134;198m▄[38;2;255;255;255m▄[48;2;255;255;255m▄[38;2;0;134;198m▄[48;2;57;219;231m[38;2;57;219;231m▄[38;2;157;251;255m▄[48;2;0;134;198m[38;2;57;219;231m▄[48;2;33;89;165m[38;2;0;134;198m▄[38;2;57;219;231m▄[48;2;57;219;231m▄▄[38;2;0;134;198m▄[48;2;156;251;255m[38;2;57;219;231m▄[38;2;156;251;255m▄[38;2;57;219;231m▄[48;2;33;89;165m[38;2;33;89;165m▄[48;2;255;255;255m[38;2;255;255;255m▄[48;2;247;178;206m[38;2;231;135;165m▄[48;2;231;134;165m[38;2;181;56;107m▄[48;2;181;56;107m[38;2;231;134;165m▄[0m[38;2;74;32;99m▀▀  [48;2;156;251;255m[38;2;156;251;255m▄▄▄[48;2;57;219;231m▄[38;2;59;220;231m▄[0m
  [38;2;231;135;166m▀[48;2;247;178;205m[38;2;231;135;166m▄[48;2;255;166;156m[38;2;247;178;206m▄[38;2;255;166;156m▄[48;2;255;255;255m▄[38;2;247;178;206m▄[38;2;255;255;255m▄[48;2;33;89;165m[38;2;33;89;165m▄[48;2;0;134;198m[38;2;57;219;231m▄▄[48;2;57;219;231m[38;2;156;251;255m▄[48;2;156;251;255m▄▄[48;2;57;219;231m[38;2;57;219;231m▄[38;2;255;255;255m▄[38;2;156;251;255m▄[48;2;156;251;255m▄▄[48;2;57;219;231m▄[48;2;0;134;198m[38;2;57;219;231m▄[48;2;57;219;231m[38;2;33;89;165m▄[48;2;33;89;165m[38;2;255;255;255m▄[48;2;255;255;255m[38;2;247;178;206m▄[48;2;247;178;206m[38;2;231;134;165m▄[48;2;232;135;166m[38;2;180;54;106m▄[0m[38;2;74;32;99m▀▄[0m
    [38;2;231;135;166m▀▀▀▀[48;2;247;178;206m[38;2;231;134;165m▄[48;2;255;255;255m▄[48;2;0;134;198m▄▄[48;2;57;220;231m[38;2;0;134;198m▄▄[48;2;158;251;255m[38;2;57;220;231m▄[48;2;157;251;255m[38;2;57;219;231m▄[48;2;57;219;231m▄[48;2;157;251;255m▄▄[48;2;57;220;232m[38;2;33;89;165m▄[48;2;56;219;231m[38;2;247;178;206m▄[48;2;31;89;165m[38;2;231;134;165m▄[48;2;255;255;255m▄[0m[38;2;231;133;164m▀▀[0m[38;2;73;30;98m▀▄[0m    [38;2;247;231;247m▄[0m
     [38;2;255;166;156m▄▄     [38;2;231;134;165m▀▀▀▀▀▀▀▀▀[0m        [38;2;247;231;247m▄[48;2;247;231;247m▄▄[48;2;80;192;80m[0m
      [38;2;255;166;156m▀    [38;2;247;178;206m▄ [38;2;231;134;165m▄       [38;2;57;219;231m▄[48;2;57;219;231m▄[0m   [38;2;255;166;156m▄▄[0m
          [38;2;247;178;206m▀[48;2;247;178;206m[38;2;247;178;206m▄[38;2;231;134;165m▄[48;2;231;134;165m▄[0m[38;2;231;134;165m▀    [38;2;156;251;255m▄[48;2;156;251;255m▄[48;2;57;219;231m▄[38;2;57;219;231m▄[0m    [38;2;255;166;156m▀[0m
            [38;2;231;134;165m▀[0m

EOF
